   1256.6383180729788        216.47827792339524        223.23729364336793     
   1242.8977400423598        226.12957441392484        233.34998775208092     
   1229.4544016544878        236.09520460389959        243.80291546689250     
   1216.2987611698577        246.38147947660474        254.60352882509000     
   1203.4216809264810        256.99473774965890        265.75934367747425     
   1190.8144061739181        267.94134358047546        277.27793801378573     
   1178.4685452239528        279.22768419576084        289.16695020608910     
   1166.3760508233340        290.86016744504713        301.43407716804973     
   1154.5292026616933        302.84521927627276        314.08707242803501     
   1142.9205909347477        315.18928113259358        327.13374411399701     
   1131.5431008892433        327.89880726944710        340.58195284811768     
   1120.3898982819121        340.98026199053191        354.43960954921249     
   1109.4544156899856        354.44011680201743        368.71467314089693     
   1098.7303396156535        368.28484748390503        383.41514816358767     
   1088.2115983312567        382.52093107772691        398.54908228838377     
   1077.8923504160464        397.15484278985383        414.12456373102697     
   1067.7669739390383        412.19305280965199        430.14971856400524     
   1057.8300562458662        427.64202304185613        446.63270792510491     
   1048.0763843106570        443.50820375277999        463.58172512061628     
   1038.5009356167889        459.79803012957700        481.00499262159468     
   1029.0988695330157        476.51791875267492        498.91075895150630     
   1019.8655191538448        493.67426398074809        517.30729546377142     
   1010.7963835752739        511.27343424825170        536.20289300775369     
   1001.8871205790175        529.32176827554338        555.60585848181381     
   993.13353970024934        547.82557119158821        575.52451127217853     
   984.53159565560145        566.79111056955878        595.96717957644887     
   976.07738210976868        586.22461237566972        616.94219661066268     
   967.76712576053694        606.13225683170106        638.45789669899034     
   959.59718072341809        626.52017419194340        660.52261124519725     
   951.56402319833626        647.39444043532842        683.14466458525760     
   943.66424640197272        668.76107287359071        706.33236972039469     
   935.89455575045940        690.62602567711019        730.09402393033167     
   928.25176427810970        712.99518531837998        754.43790426630994     
   920.73278827880256        735.87436593675534        779.37226292385071     
   913.33464315749723        759.26930462394989        804.90532249537944     
   906.05443948015488        783.18565663346601        831.04527110276706     
   898.88937921108106        807.62899051556235        857.80025741045779     
   891.83675212739934        832.60478318010746        885.17838551959380     
   884.89393240100060        858.11841488962443        913.18770974414213     
   878.05837533891406        884.17516418543130        941.83622926978876     
   871.32761427359844        910.78020274967571        971.13188269725026     
   864.69925759516855        937.93859020623302        1001.0825424711140     
   858.17098591806030        965.65526886410908        1031.6960091961034     
   851.74054937507753        993.93505840667910        1062.9800058427370     
   845.40576503219313        1022.7826505307877        1094.9421718444996     
   839.16451441786160        1052.2026035396639        1127.5900570891315     
   833.01474116096858        1082.1993368940248        1160.9311158066571     
   826.95444873188728        1112.7771257259176        1194.9727003571254     
   820.98169828142738        1143.9400953195154        1229.7220549221165     
   815.09460657275997        1175.6922155687221        1265.1863091013488     
   809.29134400169175        1208.0372954025886        1301.3724714219791     
   803.57013270090863        1240.9789772078720        1338.2874227611348     
   797.92924472406742        1274.5207312313171        1375.9379096882983     
   792.36700030583893        1308.6658499813420        1414.3305377317308     
   786.88176619421881        1343.4174426314269        1453.4717645740832     
   781.47195405163359        1378.7784294322498        1493.3678931826396     
   776.13601892154793        1414.7515361394251        1534.0250648800913     
   770.87245775746840        1451.3392884645687        1575.4492523618057     
   765.67980801139856        1488.5440065563528        1617.6462526659818     
   760.55664627896215        1526.3677995200899        1660.6216801038195     
   755.50158699855820        1564.8125599831624        1704.3809591562497     
   750.51328120204914        1603.8799587149529        1748.9293173451592     
   745.59041531461753        1643.5714393094638        1794.2717780865855     
   740.73171000154844        1683.8882129393678        1840.4131535341101     
   735.93591905980793        1724.8312531906731        1887.3580374207947     
   731.20182835240576        1766.4012909865119        1935.1107979085145     
   726.52825478362217        1808.5988096100600        1983.6755704535992     
   721.91404531328737        1851.4240398356867        2033.0562506984181     
   717.35807600838427        1894.8769551780661        2083.2564873982724     
   712.85925113033852        1938.9572672693421        2134.2796753938737     
   708.41650225643832        1983.6644213741461        2186.1289486395140     
   704.02878743390420        2028.9975920527181        2238.8071732976050     
   699.69509036520071        2074.9556789823632        2292.3169409102316     
   695.41441962325564        2121.5373029476973        2346.6605616590145     
   691.18580789530893        2168.7408020102489        2401.8400577244170     
   687.00831125418335        2216.5642278675800        2457.8571567562549     
   682.88100845582403        2265.0053424130128        2514.7132854668271     
   678.80300026200530        2314.0616145061613        2572.4095633589582     
   674.77340878716336        2363.7302169652066        2630.9467966008465     
   670.79137686835497        2414.0080237912139        2690.3254720600976     
   666.85606745739392        2464.8916076353030        2750.5457515091898     
   662.96666303425968        2516.3772375188287        2811.6074660151062     
   659.12236504091391        2568.4608768177395        2873.5101105254298     
   655.32239333470318        2621.1381815198683        2936.2528386637555     
   651.56598566055959        2674.4044987670527        2999.8344577469816     
   647.85239714125055        2728.2548656906829        3064.2534240371724     
   644.18089978496323        2782.6840085510876        3129.5078382405813     
   640.55078200953574        2837.6863421898993        3195.5954412664746     
   636.96134818268661        2893.2559698049690        3262.5136102583260     
   633.41191817761592        2949.3866830562733        3330.2593549095259     
   629.90182694338216        3006.0719625119823        3398.8293140759156     
   626.43042408948577        3063.3049784424870        3468.2197526975419     
   622.99707348411243        3121.0785919703289        3538.4265590405648     
   619.60115286551729        3179.3853565840245        3609.4452422721142     
   616.24205346604901        3238.2175200213696        3681.2709303782358     
   612.91917964833999        3297.5670265307613        3753.8983684363784     
   609.63194855320035        3357.4255195147125        3827.3219172532199     
   606.37978975878457        3417.7843445621606        3901.5355523776052     
   603.16214495060956        3478.6345528737784        3976.5328634985599     
   599.97846760202196        3539.9669050855214        4052.3070542376900     
   596.82822266473204        3601.7718754922785        4128.8509423447467     
   593.71088626904725        3664.0396566781210        4206.1569603046792     
   590.62594543345006        3726.7601645507402        4284.2171563637103     
   587.57289778318307        3789.9230437862561        4363.0231959816747     
   584.55125127751921        3853.5176736827439        4442.5663637170874     
   581.56052394540177        3917.5331744235491        4522.8375655506097     
   578.60024362915954        3981.9584137499351        4603.8273316522618     
   575.66994773601004        4046.7820140414087        4685.5258195962688     
   572.76918299707449        4111.9923598021714        4767.9228180278033     
   569.89750523364353        4177.5776055504884        4851.0077507837914     
   567.05447913043702        4243.5256841068449        4934.7696814706123     
   564.23967801561992        4309.8243152794430        5019.1973184987846     
   561.45268364733442        4376.4610149332302        5104.2790205763431     
   558.69308600652982        4443.4231044502303        5190.0028026590107     
   555.96048309587081        4510.6977205602043        5276.3563423570695     
   553.25448074451936        4578.2718255422342        5363.3269867955350     
   550.57469241858826        4646.1322177861139        5450.9017599252065     
   547.92073903707865        4714.2655427037198        5539.0673702800814     
   545.29224879311539        4782.6583039807956        5627.8102191762055     
   542.68885698030113        4851.2968751576509        5717.1164093460438     
   540.11020582402318        4920.1675115272392        5806.9717540011734     
   537.55594431754673        4989.2563623374053        5897.3617863161435     
   535.02572806273588        5058.5494832843824        5988.2717693239256     
   532.51921911525289        5128.0328492832359        6079.6867062136753     
   530.03608583408800        5197.6923675001899        6171.5913510205992     
   527.57600273528010        5267.5138906314678        6263.9702196956905     
   525.13865034969069        5337.4832304124748        6356.8076015436027     
   522.72371508470462        5407.5861713401291        6450.0875710153186     
   520.33088908972684        5477.8084845915873        6543.7939998413558     
   517.95987012535784        5548.1359421197030        6637.9105694909249     
   515.61036143612932        5618.5543309103914        6732.4207839415803     
   513.28207162668866        5689.0494673769936        6827.3079827421916     
   510.97471454132153        5759.6072118785296        6922.5553543534952     
   508.68800914671021        5830.2134833373193        7018.1459497470323     
   506.42167941782651        5900.8542739381883        7114.0626962450115     
   504.17545422686038        5971.5156638877761        7210.2884115817069     
   501.94906723509177        6042.1838362134577        7306.8058181669858     
   499.74225678761536        6112.8450915809781        7403.5975575315861     
   497.55476581082917        6183.4858631093693        7500.6462049340116     
   495.38634171260452        6254.0927311620562        7597.9342841075140     
   493.23673628505463        6324.6524380928677        7695.4442821262910     
   491.10570560982467        6395.1519029254741        7793.1586643689725     
   488.99300996582474        6465.5782359449795        7891.0598895576113     
   486.89841373933558        6535.9187531804782        7989.1304248494316     
   484.82168533641476        6606.1609907574757        8087.3527609599778     
   482.76259709753430        6676.2927190991577        8185.7094272941385     
   480.72092521438435        6746.3019569562421        8284.1830070638371     
   478.69644964878006        6816.1769852442567        8382.7561523678905     
   476.68895405360797        6885.9063606691070        8481.4115992141178     
   474.69822569575308        6955.4789291206253        8580.1321824590159     
   472.72405538095029        7024.8838388151007        8678.9008506444570     
   470.76623738050216        7094.1105531676740        8777.7006807082398     
   468.82456935981020        7163.1488633773115        8876.5148925477533     
   466.89885230866832        7231.9889007048532        8975.3268634148881     
   464.98889047326651        7300.6211484289533        9074.1201421207043     
   463.09449128985693        7369.0364534620039        9172.8784630303799     
   461.21546532003458        7437.2260376103650        9271.5857598272687     
   459.35162618758767        7505.1815084645441        9370.2261790265693     
   457.50279051687295        7572.8948699036555        9468.7840932201561     
   455.66877787267259        7640.3585322010986        9567.2441140333285     
   453.84941070149313        7707.5653217182853        9665.5911047754635     
   452.04451427426380        7774.5084901742102        9763.8101927684565     
   450.25391663039750        7841.1817234793280        9861.8867813349243     
   448.47744852317561        7907.5791501232288        9959.8065614315747     
   446.71494336642144        7973.6953491063623        10057.555522911875     
   444.96623718242483        8039.5253574058770        10155.119965403843     
   443.23116855108606        8105.0646769700797        10252.486508790527     
   441.50957856024490        8170.3092812306759        10349.642103278735     
   439.80131075716275        8235.2556211284827        10446.574039045463     
   438.10621110112601        8299.9006306473857        10543.269955451195     
   436.42412791714264        8364.2417318500338        10639.717849808530     
   434.75491185070018        8428.2768394128361        10735.906085699260     
   433.09841582355858        8492.0043646561480        10831.823400828867     
   431.45449499054990        8555.4232190680159        10927.458914413170     
   429.82300669735776        8618.5328173197177        11022.802134089963     
   428.20381043925130        8681.3330797718845        11117.842962348886     
   426.59676782074843        8743.8244344720915        11212.571702476303     
   425.00174251618409        8806.0078186440860        11306.979064010535     
   423.41860023115942        8867.8846796700382        11401.056167704082     
   421.84720866484940        8929.4569755684643        11494.794549991317     
   420.28743747314741        8990.7271749704432        11588.186166959740     
   418.73915823262348        9051.6982565976232        11681.223397824833     
   417.20224440527647        9112.3737082454627        11773.899047907846     
   415.67657130406036        9172.7575252780298        11866.206351118761     
   414.16201605916319        9232.8542086380694        11958.138971945091     
   412.65845758502098        9292.6687623785965        12049.691006950176     
   411.16577654804792        9352.2066907226872        12140.856985782866     
   409.68385533506347        9411.4739946578738        12231.631871704489     
   408.21257802240081        9470.4771680723261        12322.011061635707     
   406.75183034567783        9529.2231934404499        12411.990385729623     
   405.30149967021509        9587.7195370661520        12501.566106477499     
   403.86147496208451        9645.9741438917426        12590.734917351916     
   402.43164675977266        9703.9954318810724        12679.493940996086     
   401.01190714644440        9761.7922859865212        12767.840726966173     
   399.60214972279118        9819.3740517077968        12855.773249033771     
   398.20226958045021        9876.7505282528018        12943.289902059110     
   396.81216327598025        9933.9319613104399        13030.389498441498     
   395.43172880538066        9990.9290354436962        13117.071264158551     
   394.06086557914074        10047.752866114559        13203.334834401780     
   392.69947439780583        10104.414991349300        13289.180248820408     
   1256.6383180729788        216.47869405248656        223.23729364336899     
   1242.8977400423598        226.12957441392484        233.34998775208092     
   1229.4544016544878        236.09520460389959        243.80291546689250     
   1216.2987611698577        246.38147947660474        254.60352882509000     
   1203.4216809264810        256.99473774965890        265.75934367747425     
   1190.8144061739181        267.94134358047546        277.27793801378573     
   1178.4685452239528        279.22768419576084        289.16695020608910     
   1166.3760508233340        290.86016744504713        301.43407716804973     
   1154.5292026616933        302.84521927627276        314.08707242803501     
   1142.9205909347477        315.18928113259358        327.13374411399701     
   1131.5431008892433        327.89880726944710        340.58195284811768     
   1120.3898982819121        340.98026199053191        354.43960954921249     
   1109.4544156899856        354.44011680201743        368.71467314089693     
   1098.7303396156535        368.28484748390503        383.41514816358767     
   1088.2115983312567        382.52093107772691        398.54908228838377     
   1077.8923504160464        397.15484278985383        414.12456373102697     
   1067.7669739390383        412.19305280965199        430.14971856400524     
   1057.8300562458662        427.64202304185613        446.63270792510491     
   1048.0763843106570        443.50820375277999        463.58172512061628     
   1038.5009356167889        459.79803012957700        481.00499262159468     
   1029.0988695330157        476.51791875267492        498.91075895150630     
   1019.8655191538448        493.67426398074809        517.30729546377142     
   1010.7963835752739        511.27343424825170        536.20289300775369     
   1001.8871205790175        529.32176827554338        555.60585848181381     
   993.13353970024934        547.82557119158821        575.52451127217853     
   984.53159565560145        566.79111056955878        595.96717957644887     
   976.07738210976868        586.22461237566972        616.94219661066268     
   967.76712576053694        606.13225683170106        638.45789669899034     
   959.59718072341809        626.52017419194340        660.52261124519725     
   951.56402319833626        647.39444043532842        683.14466458525760     
   943.66424640197272        668.76107287359071        706.33236972039469     
   935.89455575045940        690.62602567711019        730.09402393033167     
   928.25176427810970        712.99518531837998        754.43790426630994     
   920.73278827880256        735.87436593675534        779.37226292385071     
   913.33464315749723        759.26930462394989        804.90532249537944     
   906.05443948015488        783.18565663346601        831.04527110276706     
   898.88937921108106        807.62899051556235        857.80025741045779     
   891.83675212739934        832.60478318010746        885.17838551959380     
   884.89393240100060        858.11841488962443        913.18770974414213     
   878.05837533891406        884.17516418543130        941.83622926978876     
   871.32761427359844        910.78020274967571        971.13188269725026     
   864.69925759516855        937.93859020623302        1001.0825424711140     
   858.17098591806030        965.65526886410908        1031.6960091961034     
   851.74054937507753        993.93505840667910        1062.9800058427370     
   845.40576503219313        1022.7826505307877        1094.9421718444996     
   839.16451441786160        1052.2026035396639        1127.5900570891315     
   833.01474116096858        1082.1993368940248        1160.9311158066571     
   826.95444873188728        1112.7771257259176        1194.9727003571254     
   820.98169828142738        1143.9400953195154        1229.7220549221165     
   815.09460657275997        1175.6922155687221        1265.1863091013488     
   809.29134400169175        1208.0372954025886        1301.3724714219791     
   803.57013270090863        1240.9789772078720        1338.2874227611348     
   797.92924472406742        1274.5207312313171        1375.9379096882983     
   792.36700030583893        1308.6658499813420        1414.3305377317308     
   786.88176619421881        1343.4174426314269        1453.4717645740832     
   781.47195405163359        1378.7784294322498        1493.3678931826396     
   776.13601892154793        1414.7515361394251        1534.0250648800913     
   770.87245775746840        1451.3392884645687        1575.4492523618057     
   765.67980801139856        1488.5440065563528        1617.6462526659818     
   760.55664627896215        1526.3677995200899        1660.6216801038195     
   755.50158699855820        1564.8125599831624        1704.3809591562497     
